-7.57159e-15
-1.27649e-15
-1.30031e-14
-4.57449e-15
-2.99265e-15
-5.62418e-15
-1.40777e-15
6.72352e-16
3.52248e-15
1.24883e-14
8.95871e-15
4.73415e-15
1.19219e-14
2.28307e-15
1.25483e-14
1.2442e-14
1.10645e-14
-3.36316e-15
5.79574e-15
7.25114e-15
-7.72232e-15
1.56471e-15
6.96831e-15
2.77764e-15
1.39573e-14
1.7875e-14
-1.40325e-16
-6.71955e-15
7.67242e-15
-5.37781e-15
-2.93739e-15
2.25006e-15
-9.40776e-16
5.4352e-15
7.3456e-15
-1.03576e-15
8.52252e-15
7.25841e-15
1.98437e-15
1.38224e-14
-2.91831e-15
1.53767e-15
2.16494e-15
-1.1228e-15
-5.01668e-15
-9.77744e-15
-2.83594e-15
5.50187e-15
1.65566e-14
-1.69609e-14
-8.77655e-15
8.14865e-15
-3.31871e-15
-4.58003e-15
-2.85202e-15
1.10504e-15
-1.03119e-14
-1.04049e-14
-3.16792e-15
-1.20721e-14
-4.00589e-16
4.84268e-15
-2.91206e-15
-3.01583e-15
7.25169e-16
1.35913e-14
-7.83588e-16
1.57081e-15
-3.29603e-15
9.14237e-15
1.21778e-14
1.24414e-14
1.71216e-14
3.04709e-15
5.30895e-15
1.33264e-14
1.81755e-14
1.04074e-14
2.08748e-14
1.2211e-14
5.40317e-15
-1.84782e-15
1.5734e-14
6.49329e-16
1.4389e-15
4.73119e-15
6.99853e-16
-8.03101e-15
-1.04022e-14
-8.25891e-15
-1.29575e-14
2.12569e-15
-5.62723e-15
-1.22222e-14
-1.4344e-15
-1.31362e-15
-9.17962e-08
-2.22651e-07
-3.49549e-07
-5.02786e-07
-6.33761e-07
-7.67189e-07
-9.28811e-07
-1.10122e-06
-2.33652e-05
-5.50372e-05
-8.5768e-05
-0.000122846
-0.000154586
-0.000186929
-0.000226065
-0.000267809
0.000251098
0.00100662
0.00173522
0.0026226
0.00336952
0.00412823
0.00505716
0.00604917
0.00276117
-0.00230038
-0.00711073
-0.0130985
-0.0179377
-0.0228133
-0.0289553
-0.0355315
-0.0102923
0.0281468
0.0647545
0.110137
0.147014
0.18419
0.230802
0.280668
0.359093
0.452193
0.547505
0.65366
0.758797
0.868817
0.990122
1.11841
1.07026
0.951516
0.847693
0.698451
0.601968
0.508232
0.365323
0.208366
0.0780173
-0.0528001
-0.199699
-0.350841
-0.536484
-0.740499
-0.947547
-1.16815
-1.0158
-0.711425
-0.437188
-0.0650429
0.202989
0.469411
0.841433
1.24661
1.11403
0.779364
0.503039
0.0998932
-0.109802
-0.290435
-0.610227
-0.955127
-0.870678
-0.630044
-0.435018
-0.140746
-0.0161841
0.0778452
0.281567
0.499685
0.474423
0.363964
0.279773
0.141063
0.107999
0.0971191
0.0254573
-0.0504845
-0.0567804
-0.041884
-0.0349038
-0.0139862
-0.0323146
-0.0616491
-0.0749268
-0.0906857
-0.087029
-0.0745734
-0.0653958
-0.0514338
-0.039673
-0.0269539
-0.00921331
0.0108799
0.0118981
0.00643408
0.00426778
-0.00155284
0.000980414
0.00570494
0.00631265
0.00708012
0.00897773
0.0109951
0.0130965
0.0154093
0.016357
0.0168318
0.0175851
0.0180908
0.0193748
0.0209035
0.0221444
0.02346
0.0244378
0.0252763
0.0262044
0.0270696
0.0206249
0.0110499
0.00172568
-0.00973279
-0.0194508
-0.0294017
-0.041635
-0.0547644
-0.0542558
-0.0486058
-0.0444896
-0.0371725
-0.0346941
-0.032937
-0.0276701
-0.0217601
-0.0118516
0.000431254
0.0132353
0.0277971
0.0430527
0.0594825
0.0777061
0.0973166
0.0906228
0.0735764
0.0591141
0.0381146
0.0253403
0.0132759
-0.00588962
-0.026873
-0.0262026
-0.0179224
-0.012514
-0.00246863
-0.00152643
-0.00258875
0.0015187
0.00592258
0.00513277
0.0028194
0.00107792
-0.00168415
-0.00134879
-0.000113204
-6.3092e-05
0.00023245
0.000169679
-5.60714e-05
-2.17317e-05
8.9597e-06
-4.1249e-15
-8.60878e-15
-5.86705e-15
-1.53484e-14
5.10572e-15
2.92604e-15
-1.60158e-15
-7.46386e-15
6.487e-15
1.389e-14
-4.24094e-15
-3.97577e-15
1.18232e-15
1.2235e-14
9.90744e-16
6.34885e-15
-6.23431e-15
-2.24151e-14
3.61511e-15
-7.72657e-15
-9.01819e-15
-8.38786e-15
-5.1423e-15
-5.12286e-15
-4.83212e-15
-8.24797e-15
-8.94676e-15
5.20466e-16
7.26534e-15
1.32427e-15
7.92489e-15
1.00312e-15
6.74141e-15
3.82268e-15
1.0085e-14
5.03974e-15
-2.43325e-15
-8.84431e-16
-1.56566e-15
8.00277e-17
4.51391e-15
-2.27498e-15
-4.36761e-15
-6.81096e-15
-9.72069e-16
1.25505e-15
-1.11188e-15
-5.80596e-15
-9.43261e-15
-4.0627e-15
-8.27547e-15
-8.06771e-15
-8.23457e-15
-1.10666e-14
-1.17035e-14
-1.24564e-14
-6.44992e-15
-9.47679e-15
-8.48995e-15
-1.30763e-14
-9.04311e-15
-8.51662e-15
-4.50161e-15
-4.88845e-15
-9.53838e-15
-3.57049e-15
-3.89185e-15
-1.15706e-15
-1.86454e-05
-4.52244e-05
-7.09994e-05
-0.000102125
-0.000128728
-0.000155829
-0.000188658
-0.000223677
0.000434574
0.00138618
0.00230557
0.00342215
0.00436681
0.0053273
0.00649907
0.00774995
0.00414288
-0.00147179
-0.00679343
-0.0134456
-0.0187815
-0.0241498
-0.0309498
-0.0382349
-0.0264454
-0.0069188
0.011272
0.0345399
0.052294
0.0699398
0.0930684
0.117895
0.106607
0.0813284
0.0594085
0.0285374
0.00967592
-0.00791445
-0.0352619
-0.0648937
-0.0586623
-0.0392749
-0.0238759
-0.000211349
0.00966434
0.0171239
0.0337026
0.0515691
0.0463383
0.0328487
0.0217606
0.00537832
-0.00144091
-0.0064177
-0.017268
-0.0287415
-0.0268879
-0.0202776
-0.0149336
-0.00648829
-0.00363244
-0.00183565
0.00340256
0.00901693
0.00857084
0.00608671
0.00428063
0.00116626
0.000913336
0.00133666
0.00028771
-0.000767796
-0.000973082
-0.00097557
-0.0010332
-0.000929231
-0.00148158
-0.00224331
-0.0028099
-0.00346106
-0.00164009
0.00121381
0.00387512
0.00720029
0.0099052
0.0126369
0.016081
0.0197751
0.0129404
0.0018183
-0.00858539
-0.0218074
-0.032026
-0.0422113
-0.0554378
-0.0696248
-0.0645735
-0.0521085
-0.0414914
-0.0261492
-0.0172932
-0.00917858
0.00409224
0.0185228
0.0181376
0.0125379
0.00881838
0.0018865
0.00119369
0.00184933
-0.00107448
-0.00422879
-0.0036623
-0.00199966
-0.000764489
0.00119645
0.000958791
8.04708e-05
4.48489e-05
-0.000165237
-0.000120616
3.98583e-05
1.5448e-05
-6.369e-06
-2.36302e-16
-5.31866e-15
-2.25948e-15
-3.03316e-15
-5.41234e-15
-1.53996e-14
5.85621e-15
-2.64827e-15
-5.53615e-15
9.61742e-16
2.80131e-15
-1.30501e-14
-6.84077e-15
1.57944e-14
-5.83897e-15
-7.25201e-15
-1.09334e-15
4.30379e-15
-9.56776e-15
-3.21687e-15
-7.27668e-15
6.60232e-15
-1.01498e-14
-8.06972e-16
-2.53198e-15
3.58816e-16
2.70065e-15
4.43053e-15
7.55717e-15
9.26863e-15
1.09675e-14
6.23059e-15
9.29407e-15
6.77425e-15
-3.04654e-15
-2.99709e-15
